totalForce : 2.000000
totalForce : 3.900000
totalForce : 4.300000
totalForce : 4.700000
