totalForce : 8.500000
totalForce : 17.000000
totalForce : 17.000000
totalForce : 17.000000
