totalForce : 9.600000
totalForce : 18.100000
totalForce : 26.600000
totalForce : 35.099998
