totalForce : 8.500000
totalForce : 17.200001
totalForce : 17.400002
totalForce : 17.600002
